->GRAPH
1007 125
1017 114
1027 104
1037 94
1051 88
1065 82
1085 82
1105 82
1121 86
1136 81
1151 76
1166 71
1185 70
1205 70
1225 70
1245 70
1265 70
1285 70
1305 70
1325 70
1345 70
1365 70
1385 70
1405 70
1425 70
1438 77
1448 87
1458 97
1468 107
1478 117
1488 127
1490 129
991 120
980 111
970 101
956 95
941 90
926 85
911 80
896 75
881 70
861 70
841 70
821 70
801 70
781 70
761 70
741 70
721 70
701 70
681 70
661 70
641 70
621 70
601 70
581 70
561 70
541 70
521 70
501 70
485 74
470 79
455 84
440 89
425 94
410 99
399 108
389 118
379 128
369 138
363 152
358 167
358 170
1010 143
1017 156
1024 169
1029 184
1039 194
1047 206
1052 221
1057 236
1062 251
1067 266
1069 284
1069 304
1069 324
1069 345
1489 141
1479 152
1469 162
1459 172
1449 182
1439 192
1429 202
1419 212
1409 222
1399 232
1389 242
1379 252
1369 262
1359 272
1349 282
1339 292
1329 302
1319 312
1309 322
1300 333
1295 349
337 170
322 165
307 160
289 158
269 158
249 158
229 158
213 162
198 167
183 172
168 177
153 182
139 188
129 198
119 208
109 218
99 228
89 238
87 256
87 276
84 293
76 305
368 181
378 191
388 201
401 208
414 215
428 221
441 228
456 233
476 233
494 235
508 241
521 248
536 253
551 258
566 263
579 270
593 276
599 290
606 303
613 316
619 330
628 341
638 351
648 361
658 371
668 381
674 395
684 405
694 415
704 425
714 435
724 445
734 455
744 465
744 485
745 504
751 518
752 537
749 554
739 564
729 574
719 584
709 594
699 604
690 615
684 629
677 642
670 655
661 666
651 676
642 687
634 699
635 714
640 729
648 741
658 751
668 761
677 772
682 787
687 802
692 817
694 835
699 850
704 865
709 880
716 893
726 903
738 911
753 916
768 921
783 926
801 928
821 928
834 935
844 945
854 955
864 965
874 975
883 984
1053 350
1038 355
1023 360
1008 365
993 370
978 375
963 380
953 390
943 400
933 410
923 420
913 430
903 440
895 447
1077 349
1094 345
1114 345
1134 345
1154 345
1173 344
1193 344
1212 345
1231 346
1245 352
1255 362
1257 364
1280 355
1267 362
1311 354
1326 359
1338 367
1348 377
1358 387
1368 397
1378 407
1388 417
1397 428
1402 443
1407 458
1412 473
1417 488
1422 503
1427 518
1428 537
1428 557
1431 574
1437 588
1448 597
1458 607
1468 617
1478 627
1483 642
1483 662
1483 682
1480 699
1470 709
1460 719
1450 729
1440 739
1433 752
1427 766
1422 781
1417 796
1411 810
1404 823
1399 838
1394 853
1382 861
1370 869
1360 879
1340 879
1324 875
1310 869
1300 859
1290 849
1280 839
1270 829
1260 819
1250 809
1245 794
1240 779
1235 764
1230 749
1221 738
1211 728
1201 718
1191 708
1182 697
1180 679
1180 659
1180 639
1186 625
1196 615
1206 605
1216 595
1227 586
1233 572
1238 557
1243 542
1248 527
1247 512
1242 497
1244 479
1244 459
1244 439
1244 419
1245 400
1250 385
1255 370
1082 365
1087 380
1089 398
1089 418
1089 438
1089 458
1089 478
1090 497
1095 512
1096 531
1096 551
1096 571
1096 591
1096 611
1096 631
1096 651
1096 671
1096 691
1096 711
1096 731
1096 751
1098 769
1093 784
1083 794
1073 804
1066 817
1059 830
1052 843
1052 859
1062 869
1072 879
1082 889
1087 894
->EDGES
1007 125 1017 114 14.87
1017 114 1027 104 14.14
1027 104 1037 94 14.14
1037 94 1051 88 15.23
1051 88 1065 82 15.23
1065 82 1085 82 20.00
1085 82 1105 82 20.00
1105 82 1121 86 16.49
1121 86 1136 81 15.81
1136 81 1151 76 15.81
1151 76 1166 71 15.81
1166 71 1185 70 19.03
1185 70 1205 70 20.00
1205 70 1225 70 20.00
1225 70 1245 70 20.00
1245 70 1265 70 20.00
1265 70 1285 70 20.00
1285 70 1305 70 20.00
1305 70 1325 70 20.00
1325 70 1345 70 20.00
1345 70 1365 70 20.00
1365 70 1385 70 20.00
1385 70 1405 70 20.00
1405 70 1425 70 20.00
1425 70 1438 77 14.76
1438 77 1448 87 14.14
1448 87 1458 97 14.14
1458 97 1468 107 14.14
1468 107 1478 117 14.14
1478 117 1488 127 14.14
1488 127 1490 129 2.83
1007 125 991 120 16.76
991 120 980 111 14.21
980 111 970 101 14.14
970 101 956 95 15.23
956 95 941 90 15.81
941 90 926 85 15.81
926 85 911 80 15.81
911 80 896 75 15.81
896 75 881 70 15.81
881 70 861 70 20.00
861 70 841 70 20.00
841 70 821 70 20.00
821 70 801 70 20.00
801 70 781 70 20.00
781 70 761 70 20.00
761 70 741 70 20.00
741 70 721 70 20.00
721 70 701 70 20.00
701 70 681 70 20.00
681 70 661 70 20.00
661 70 641 70 20.00
641 70 621 70 20.00
621 70 601 70 20.00
601 70 581 70 20.00
581 70 561 70 20.00
561 70 541 70 20.00
541 70 521 70 20.00
521 70 501 70 20.00
501 70 485 74 16.49
485 74 470 79 15.81
470 79 455 84 15.81
455 84 440 89 15.81
440 89 425 94 15.81
425 94 410 99 15.81
410 99 399 108 14.21
399 108 389 118 14.14
389 118 379 128 14.14
379 128 369 138 14.14
369 138 363 152 15.23
363 152 358 167 15.81
358 167 358 170 3.00
1007 125 1010 143 18.25
1010 143 1017 156 14.76
1017 156 1024 169 14.76
1024 169 1029 184 15.81
1029 184 1039 194 14.14
1039 194 1047 206 14.42
1047 206 1052 221 15.81
1052 221 1057 236 15.81
1057 236 1062 251 15.81
1062 251 1067 266 15.81
1067 266 1069 284 18.11
1069 284 1069 304 20.00
1069 304 1069 324 20.00
1069 324 1069 345 21.00
1489 141 1479 152 14.87
1479 152 1469 162 14.14
1469 162 1459 172 14.14
1459 172 1449 182 14.14
1449 182 1439 192 14.14
1439 192 1429 202 14.14
1429 202 1419 212 14.14
1419 212 1409 222 14.14
1409 222 1399 232 14.14
1399 232 1389 242 14.14
1389 242 1379 252 14.14
1379 252 1369 262 14.14
1369 262 1359 272 14.14
1359 272 1349 282 14.14
1349 282 1339 292 14.14
1339 292 1329 302 14.14
1329 302 1319 312 14.14
1319 312 1309 322 14.14
1309 322 1300 333 14.21
1300 333 1295 349 16.76
358 170 337 170 21.00
337 170 322 165 15.81
322 165 307 160 15.81
307 160 289 158 18.11
289 158 269 158 20.00
269 158 249 158 20.00
249 158 229 158 20.00
229 158 213 162 16.49
213 162 198 167 15.81
198 167 183 172 15.81
183 172 168 177 15.81
168 177 153 182 15.81
153 182 139 188 15.23
139 188 129 198 14.14
129 198 119 208 14.14
119 208 109 218 14.14
109 218 99 228 14.14
99 228 89 238 14.14
89 238 87 256 18.11
87 256 87 276 20.00
87 276 84 293 17.26
84 293 76 305 14.42
358 170 368 181 14.87
368 181 378 191 14.14
378 191 388 201 14.14
388 201 401 208 14.76
401 208 414 215 14.76
414 215 428 221 15.23
428 221 441 228 14.76
441 228 456 233 15.81
456 233 476 233 20.00
476 233 494 235 18.11
494 235 508 241 15.23
508 241 521 248 14.76
521 248 536 253 15.81
536 253 551 258 15.81
551 258 566 263 15.81
566 263 579 270 14.76
579 270 593 276 15.23
593 276 599 290 15.23
599 290 606 303 14.76
606 303 613 316 14.76
613 316 619 330 15.23
619 330 628 341 14.21
628 341 638 351 14.14
638 351 648 361 14.14
648 361 658 371 14.14
658 371 668 381 14.14
668 381 674 395 15.23
674 395 684 405 14.14
684 405 694 415 14.14
694 415 704 425 14.14
704 425 714 435 14.14
714 435 724 445 14.14
724 445 734 455 14.14
734 455 744 465 14.14
744 465 744 485 20.00
744 485 745 504 19.03
745 504 751 518 15.23
751 518 752 537 19.03
752 537 749 554 17.26
749 554 739 564 14.14
739 564 729 574 14.14
729 574 719 584 14.14
719 584 709 594 14.14
709 594 699 604 14.14
699 604 690 615 14.21
690 615 684 629 15.23
684 629 677 642 14.76
677 642 670 655 14.76
670 655 661 666 14.21
661 666 651 676 14.14
651 676 642 687 14.21
642 687 634 699 14.42
634 699 635 714 15.03
635 714 640 729 15.81
640 729 648 741 14.42
648 741 658 751 14.14
658 751 668 761 14.14
668 761 677 772 14.21
677 772 682 787 15.81
682 787 687 802 15.81
687 802 692 817 15.81
692 817 694 835 18.11
694 835 699 850 15.81
699 850 704 865 15.81
704 865 709 880 15.81
709 880 716 893 14.76
716 893 726 903 14.14
726 903 738 911 14.42
738 911 753 916 15.81
753 916 768 921 15.81
768 921 783 926 15.81
783 926 801 928 18.11
801 928 821 928 20.00
821 928 834 935 14.76
834 935 844 945 14.14
844 945 854 955 14.14
854 955 864 965 14.14
864 965 874 975 14.14
874 975 883 984 12.73
1069 345 1053 350 16.76
1053 350 1038 355 15.81
1038 355 1023 360 15.81
1023 360 1008 365 15.81
1008 365 993 370 15.81
993 370 978 375 15.81
978 375 963 380 15.81
963 380 953 390 14.14
953 390 943 400 14.14
943 400 933 410 14.14
933 410 923 420 14.14
923 420 913 430 14.14
913 430 903 440 14.14
903 440 895 447 10.63
1069 345 1077 349 8.94
1077 349 1094 345 17.46
1094 345 1114 345 20.00
1114 345 1134 345 20.00
1134 345 1154 345 20.00
1154 345 1173 344 19.03
1173 344 1193 344 20.00
1193 344 1212 345 19.03
1212 345 1231 346 19.03
1231 346 1245 352 15.23
1245 352 1255 362 14.14
1255 362 1257 364 2.83
1295 349 1280 355 16.16
1280 355 1267 362 14.76
1267 362 1257 364 10.20
1295 349 1311 354 16.76
1311 354 1326 359 15.81
1326 359 1338 367 14.42
1338 367 1348 377 14.14
1348 377 1358 387 14.14
1358 387 1368 397 14.14
1368 397 1378 407 14.14
1378 407 1388 417 14.14
1388 417 1397 428 14.21
1397 428 1402 443 15.81
1402 443 1407 458 15.81
1407 458 1412 473 15.81
1412 473 1417 488 15.81
1417 488 1422 503 15.81
1422 503 1427 518 15.81
1427 518 1428 537 19.03
1428 537 1428 557 20.00
1428 557 1431 574 17.26
1431 574 1437 588 15.23
1437 588 1448 597 14.21
1448 597 1458 607 14.14
1458 607 1468 617 14.14
1468 617 1478 627 14.14
1478 627 1483 642 15.81
1483 642 1483 662 20.00
1483 662 1483 682 20.00
1483 682 1480 699 17.26
1480 699 1470 709 14.14
1470 709 1460 719 14.14
1460 719 1450 729 14.14
1450 729 1440 739 14.14
1440 739 1433 752 14.76
1433 752 1427 766 15.23
1427 766 1422 781 15.81
1422 781 1417 796 15.81
1417 796 1411 810 15.23
1411 810 1404 823 14.76
1404 823 1399 838 15.81
1399 838 1394 853 15.81
1394 853 1382 861 14.42
1382 861 1370 869 14.42
1370 869 1360 879 14.14
1360 879 1340 879 20.00
1340 879 1324 875 16.49
1324 875 1310 869 15.23
1310 869 1300 859 14.14
1300 859 1290 849 14.14
1290 849 1280 839 14.14
1280 839 1270 829 14.14
1270 829 1260 819 14.14
1260 819 1250 809 14.14
1250 809 1245 794 15.81
1245 794 1240 779 15.81
1240 779 1235 764 15.81
1235 764 1230 749 15.81
1230 749 1221 738 14.21
1221 738 1211 728 14.14
1211 728 1201 718 14.14
1201 718 1191 708 14.14
1191 708 1182 697 14.21
1182 697 1180 679 18.11
1180 679 1180 659 20.00
1180 659 1180 639 20.00
1180 639 1186 625 15.23
1186 625 1196 615 14.14
1196 615 1206 605 14.14
1206 605 1216 595 14.14
1216 595 1227 586 14.21
1227 586 1233 572 15.23
1233 572 1238 557 15.81
1238 557 1243 542 15.81
1243 542 1248 527 15.81
1248 527 1247 512 15.03
1247 512 1242 497 15.81
1242 497 1244 479 18.11
1244 479 1244 459 20.00
1244 459 1244 439 20.00
1244 439 1244 419 20.00
1244 419 1245 400 19.03
1245 400 1250 385 15.81
1250 385 1255 370 15.81
1255 370 1257 364 6.32
1077 349 1082 365 16.76
1082 365 1087 380 15.81
1087 380 1089 398 18.11
1089 398 1089 418 20.00
1089 418 1089 438 20.00
1089 438 1089 458 20.00
1089 458 1089 478 20.00
1089 478 1090 497 19.03
1090 497 1095 512 15.81
1095 512 1096 531 19.03
1096 531 1096 551 20.00
1096 551 1096 571 20.00
1096 571 1096 591 20.00
1096 591 1096 611 20.00
1096 611 1096 631 20.00
1096 631 1096 651 20.00
1096 651 1096 671 20.00
1096 671 1096 691 20.00
1096 691 1096 711 20.00
1096 711 1096 731 20.00
1096 731 1096 751 20.00
1096 751 1098 769 18.11
1098 769 1093 784 15.81
1093 784 1083 794 14.14
1083 794 1073 804 14.14
1073 804 1066 817 14.76
1066 817 1059 830 14.76
1059 830 1052 843 14.76
1052 843 1052 859 16.00
1052 859 1062 869 14.14
1062 869 1072 879 14.14
1072 879 1082 889 14.14
1082 889 1087 894 7.07